20009
20063
20087
20133
20136
20214
20221
20229
20235
20273
20275
20302
20341
20344
20347
20353
20358
20382
20384
20387
20428
20457
20460
20461
20464
20465
20518
20520
20530
20546
20552
20556
20572
20585
20587
20590
20598
20605
20607
20611
20613
20627
20630
20644
20653
20654
20664
20695
20699
20703
20705
20724
20733
20743
20757
20759
20767
20785
20870
20876
20891
20897
20899
20901
20902
20903
20915
20919
20934
20948
20949
20954
20970
20976
20996
21001
21010
21014
21025
21042
21044
21046
21052
21057
21075
21080
21082
21088
21117
21127
21130
21149
21163
21181
21184
21204
21224
21238
21249
21257
21268
21269
21271
21276
21305
21322
21325
21384
21386
21417
21449
21450
21458
21463
21505
21508
21523
21526
21539
21562
21575
21598
21661
21675
21684
