10004
10006
10008
10034
10041
10059
10067
10074
10081
10088
10090
10091
10092
10093
10096
10108
10111
10113
10116
10126
10134
10135
10142
10146
10165
10172
10176
10177
10186
10196
10204
10206
10209
10224
10234
10236
10237
10239
10240
10242
10247
10249
10254
10257
10258
10259
10261
10265
10268
10270
10271
10281
10282
10292
10299
10305
10306
10308
10309
10314
10315
10316
10322
10323
10326
10328
10329
10330
10337
10339
10341
10343
10349
10371
10374
10388
10405
10411
10417
10419
10433
10436
10438
10439
10441
10454
10457
10458
10459
10466
10468
10470
10475
10478
10479
10481
